0.0 16.9239
0.001 22021.8
0.002 9135.37
0.003 6327.4
0.004 4626.4
0.005 3618.89
0.006 2969.36
0.007 2499.93
0.008 2147.63
0.009 1878.57
0.01 1662.57
0.011 1485.22
0.012 1339.51
0.013 1216.55
0.014 1109.22
0.015 1021.38
0.016 941.383
0.017 873.664
0.018 809.026
0.019 758.566
0.02 707.642
0.021 664.264
0.022 624.661
0.023 588.685
0.024 556.011
0.025 526.45
0.026 498.336
0.027 472.313
0.028 448.735
0.029 430.662
0.03 407.013
0.031 388.91
0.032 373.177
0.033 356.137
0.034 340.992
0.035 326.357
0.036 313.369
0.037 298.924
0.038 288.345
0.039 277.649
0.04 267.318
0.041 257.683
0.042 248.103
0.043 239.775
0.044 230.216
0.045 223.032
0.046 214.062
0.047 206.698
0.048 199.442
0.049 194.189
0.05 187.262
0.051 182.226
0.052 175.216
0.053 170.698
0.054 165.357
0.055 159.683
0.056 155.352
0.057 151.233
0.058 146.857
0.059 142.286
0.06 138.379
0.061 134.797
0.062 131.032
0.063 126.896
0.064 124.001
0.065 119.677
0.066 117.119
0.067 114.701
0.068 110.142
0.069 108.588
0.07 104.972
0.071 102.732
0.072 100.198
0.073 97.9931
0.074 95.1242
0.075 93.5947
0.076 91.0161
0.077 88.4746
0.078 86.1662
0.079 84.3094
0.08 82.4796
0.081 80.8239
0.082 78.3955
0.083 77.0151
0.084 75.0451
0.085 73.3695
0.086 72.0962
0.087 70.2123
0.088 69.2613
0.089 67.4856
0.09 66.0441
0.091 64.6957
0.092 63.2183
0.093 61.7188
0.094 60.6267
0.095 58.7979
0.096 58.0351
0.097 56.5066
0.098 55.2123
0.099 53.6347
0.1 53.6917
0.101 52.3754
0.102 51.3404
0.103 50.1933
0.104 49.1542
0.105 48.2013
0.106 47.921
0.107 46.2443
0.108 45.4495
0.109 44.7618
0.11 43.6437
0.111 43.1452
0.112 42.7118
0.113 41.7598
0.114 40.8829
0.115 40.4115
0.116 39.2773
0.117 38.4455
0.118 37.6587
0.119 37.2183
0.12 36.3494
0.121 35.5526
0.122 35.2283
0.123 35.0351
0.124 34.1702
0.125 33.3734
0.126 33.0521
0.127 32.5085
0.128 31.8208
0.129 31.0981
0.13 30.7127
0.131 30.0581
0.132 30.2503
0.133 29.3484
0.134 28.6647
0.135 28.8699
0.136 27.8669
0.137 27.3984
0.138 26.8549
0.139 26.9179
0.14 25.6367
0.141 25.3684
0.142 25.4074
0.143 24.926
0.144 24.3033
0.145 24.5376
0.146 23.933
0.147 23.8098
0.148 23.1972
0.149 22.6697
0.15 22.4715
0.151 22.015
0.152 21.7808
0.153 21.4875
0.154 21.2302
0.155 20.8459
0.156 20.4405
0.157 20.2252
0.158 20.2953
0.159 19.5676
0.16 19.2713
0.161 19.024
0.162 18.8218
0.163 18.4395
0.164 18.3073
0.165 18.0391
0.166 17.8869
0.167 17.5906
0.168 17.2603
0.169 17.3193
0.17 16.7588
0.171 16.5416
0.172 16.2853
0.173 16.2473
0.174 16.0421
0.175 15.6346
0.176 15.7738
0.177 15.2573
0.178 14.8238
0.179 14.8449
0.18 14.4535
0.181 14.5175
0.182 14.1652
0.183 14.1502
0.184 14.0861
0.185 13.8799
0.186 13.6396
0.187 13.4985
0.188 13.3474
0.189 13.3133
0.19 12.8909
0.191 12.6527
0.192 12.7948
0.193 12.5025
0.194 12.5516
0.195 12.0451
0.196 12.0471
0.197 12.033
0.198 11.8038
0.199 11.6266
0.2 11.4755
0.201 11.3974
0.202 11.3674
0.203 10.958
0.204 10.8198
0.205 10.9049
0.206 10.6076
0.207 10.5496
0.208 10.2583
0.209 10.3654
0.21 10.1101
0.211 10.0631
0.212 9.96498
0.213 9.85086
0.214 9.73976
0.215 9.56057
0.216 9.60962
0.217 9.38539
0.218 9.37339
0.219 9.25126
0.22 9.17918
0.221 8.92393
0.222 8.86387
0.223 8.7968
0.224 8.67769
0.225 8.66667
0.226 8.54154
0.227 8.52653
0.228 8.26928
0.229 8.21923
0.23 8.16718
0.231 7.89591
0.232 8.06507
0.233 8.01302
0.234 7.72973
0.235 7.75776
0.236 7.61262
0.237 7.4955
0.238 7.3924
0.239 7.26027
0.24 7.45447
0.241 7.20421
0.242 7.2903
0.243 7.08509
0.244 6.96597
0.245 7.13114
0.246 6.91392
0.247 6.92494
0.248 6.77578
0.249 6.88089
0.25 6.60861
0.251 6.57759
0.252 6.48249
0.253 6.42743
0.254 6.23024
0.255 6.20121
0.256 6.17719
0.257 6.16717
0.258 6.26327
0.259 6.02503
0.26 5.76677
0.261 6.14917
0.262 5.97398
0.263 5.95095
0.264 5.83384
0.265 5.76177
0.266 5.64365
0.267 5.64065
0.268 5.65667
0.269 5.40741
0.27 5.36537
0.271 5.41742
0.272 5.34035
0.273 5.20321
0.274 5.42443
0.275 5.20621
0.276 5.12013
0.277 5.31031
0.278 5.07408
0.279 5.09009
0.28 5.12813
0.281 4.8899
0.282 5.08409
0.283 4.81582
0.284 4.97798
0.285 4.82583
0.286 4.76377
0.287 4.73774
0.288 4.75276
0.289 4.65066
0.29 4.6957
0.291 4.68869
0.292 4.54255
0.293 4.47448
0.294 4.38038
0.295 4.42343
0.296 4.50752
0.297 4.37738
0.298 4.20821
0.299 4.30732
0.3 4.16317
0.301 4.24725
0.302 4.21923
0.303 4.15215
0.304 4.0991
0.305 3.8999
0.306 3.94995
0.307 3.7968
0.308 3.98398
0.309 3.91992
0.31 3.90791
0.311 3.85486
0.312 3.71271
0.313 3.71572
0.314 3.77979
0.315 3.78779
0.316 3.72273
0.317 3.63964
0.318 3.44745
0.319 3.55056
0.32 3.5866
0.321 3.45446
0.322 3.53454
0.323 3.51752
0.324 3.43043
0.325 3.38639
0.326 3.51652
0.327 3.34535
0.328 3.27828
0.329 3.38239
0.33 3.26127
0.331 3.36737
0.332 3.30431
0.333 3.32132
0.334 3.25726
0.335 3.18319
0.336 3.32032
0.337 3.11912
0.338 3.2012
0.339 3.10211
0.34 3.00201
0.341 3.14315
0.342 2.91292
0.343 2.96597
0.344 2.96897
0.345 3.09009
0.346 2.95797
0.347 3.04505
0.348 3
0.349 2.999
0.35 2.93094
0.351 2.86987
0.352 2.83084
0.353 2.85886
0.354 2.76977
0.355 2.78679
0.356 2.60561
0.357 2.81482
0.358 2.73774
0.359 2.73974
0.36 2.68569
0.361 2.77378
0.362 2.66667
0.363 2.5976
0.364 2.61762
0.365 2.57257
0.366 2.52853
0.367 2.68669
0.368 2.47548
0.369 2.47748
0.37 2.58959
0.371 2.52053
0.372 2.45646
0.373 2.4014
0.374 2.44244
0.375 2.4004
0.376 2.47047
0.377 2.42843
0.378 2.37238
0.379 2.33334
0.38 2.33033
0.381 2.34735
0.382 2.30331
0.383 2.41142
0.384 2.31132
0.385 2.32933
0.386 2.34134
0.387 2.14314
0.388 2.23324
0.389 2.2022
0.39 2.13514
0.391 2.13814
0.392 2.16316
0.393 2.12713
0.394 2.15516
0.395 2.15215
0.396 2.10311
0.397 2.05205
0.398 2.0961
0.399 2.06907
0.4 2.14114
0.401 2.04305
0.402 2.06707
0.403 1.997
0.404 1.97698
0.405 2.01201
0.406 2.01001
0.407 2.05005
0.408 1.96997
0.409 1.94494
0.41 1.90191
0.411 2.003
0.412 1.97898
0.413 1.85185
0.414 1.90891
0.415 1.84785
0.416 1.91992
0.417 1.87988
0.418 1.85085
0.419 1.82182
0.42 1.82883
0.421 1.75776
0.422 1.77178
0.423 1.87087
0.424 1.84685
0.425 1.72573
0.426 1.83884
0.427 1.75576
0.428 1.75876
0.429 1.77277
0.43 1.76476
0.431 1.73274
0.432 1.66066
0.433 1.6967
0.434 1.72873
0.435 1.68368
0.436 1.63664
0.437 1.54354
0.438 1.66767
0.439 1.65866
0.44 1.62262
0.441 1.61862
0.442 1.67668
0.443 1.55155
0.444 1.70971
0.445 1.62663
0.446 1.57758
0.447 1.52853
0.448 1.55155
0.449 1.56056
0.45 1.4955
0.451 1.57958
0.452 1.58158
0.453 1.56557
0.454 1.47247
0.455 1.51051
0.456 1.50751
0.457 1.46947
0.458 1.43744
0.459 1.54555
0.46 1.39039
0.461 1.45846
0.462 1.42142
0.463 1.45045
0.464 1.45045
0.465 1.45546
0.466 1.46046
0.467 1.44044
0.468 1.35536
0.469 1.37838
0.47 1.34735
0.471 1.38038
0.472 1.29129
0.473 1.33934
0.474 1.38739
0.475 1.34735
0.476 1.31432
0.477 1.34235
0.478 1.32232
0.479 1.35836
0.48 1.32332
0.481 1.30531
0.482 1.33834
0.483 1.24224
0.484 1.24525
0.485 1.26627
0.486 1.26026
0.487 1.28529
0.488 1.28228
0.489 1.32833
0.49 1.24124
0.491 1.2032
0.492 1.23324
0.493 1.26727
0.494 1.32132
0.495 1.25326
0.496 1.2012
0.497 1.20621
0.498 1.24525
0.499 1.18319
0.5 1.22222
0.501 1.17818
0.502 1.19019
0.503 1.20921
0.504 1.14915
0.505 1.17017
0.506 1.2002
0.507 1.16517
0.508 1.18719
0.509 1.15916
0.51 1.23924
0.511 1.10611
0.512 1.15816
0.513 1.13413
0.514 1.15415
0.515 1.11612
0.516 1.12413
0.517 1.17117
0.518 1.16116
0.519 1.04805
0.52 1.07808
0.521 1.08409
0.522 1.11311
0.523 1.08409
0.524 1.00901
0.525 0.999
0.526 1.07708
0.527 1.04805
0.528 1.05706
0.529 1.02302
0.53 1.05205
0.531 0.943945
0.532 1.06106
0.533 1.09009
0.534 1.05606
0.535 1.05005
0.536 0.981984
0.537 1.04805
0.538 0.984986
0.539 1.00801
0.54 0.968969
0.541 0.944945
0.542 1.05306
0.543 0.979981
0.544 1.02102
0.545 0.976977
0.546 0.976977
0.547 0.939941
0.548 0.911912
0.549 0.976977
0.55 0.921924
0.551 0.97998
0.552 0.933934
0.553 0.913914
0.554 0.91992
0.555 0.97898
0.556 0.898899
0.557 0.950951
0.558 0.881885
0.559 0.906908
0.56 0.895898
0.561 0.90991
0.562 0.866867
0.563 0.891892
0.564 0.904909
0.565 0.837838
0.566 0.956959
0.567 0.84985
0.568 0.888889
0.569 0.873875
0.57 0.875876
0.571 0.893895
0.572 0.879882
0.573 0.85886
0.574 0.883885
0.575 0.879881
0.576 0.862863
0.577 0.856859
0.578 0.845846
0.579 0.853854
0.58 0.853854
0.581 0.867868
0.582 0.845848
0.583 0.828829
0.584 0.830831
0.585 0.847849
0.586 0.813815
0.587 0.862864
0.588 0.802804
0.589 0.850852
0.59 0.796798
0.591 0.823824
0.592 0.828831
0.593 0.836838
0.594 0.755756
0.595 0.783786
0.596 0.722723
0.597 0.722724
0.598 0.780781
0.599 0.732734
0.6 0.765766
0.601 0.779781
0.602 0.763765
0.603 0.716717
0.604 0.773774
0.605 0.755756
0.606 0.755756
0.607 0.729731
0.608 0.766768
0.609 0.730732
0.61 0.783784
0.611 0.797798
0.612 0.724725
0.613 0.75876
0.614 0.728729
0.615 0.802803
0.616 0.735736
0.617 0.731736
0.618 0.716718
0.619 0.684685
0.62 0.730731
0.621 0.720722
0.622 0.704707
0.623 0.722723
0.624 0.765767
0.625 0.686688
0.626 0.685687
0.627 0.733734
0.628 0.687688
0.629 0.687693
0.63 0.627629
0.631 0.671673
0.632 0.723725
0.633 0.64865
0.634 0.66967
0.635 0.730732
0.636 0.660661
0.637 0.672673
0.638 0.663664
0.639 0.641646
0.64 0.688689
0.641 0.6967
0.642 0.64965
0.643 0.692693
0.644 0.651653
0.645 0.605606
0.646 0.645646
0.647 0.627628
0.648 0.687688
0.649 0.646648
0.65 0.671672
0.651 0.669672
0.652 0.62963
0.653 0.651652
0.654 0.645646
0.655 0.646648
0.656 0.612613
0.657 0.651652
0.658 0.562563
0.659 0.628631
0.66 0.650653
0.661 0.626627
0.662 0.628629
0.663 0.628631
0.664 0.64965
0.665 0.591593
0.666 0.641642
0.667 0.631633
0.668 0.609611
0.669 0.626627
0.67 0.603605
0.671 0.616619
0.672 0.542545
0.673 0.617619
0.674 0.58759
0.675 0.57858
0.676 0.566571
0.677 0.57858
0.678 0.562564
0.679 0.577578
0.68 0.576577
0.681 0.57758
0.682 0.588589
0.683 0.631633
0.684 0.592594
0.685 0.579581
0.686 0.553555
0.687 0.55956
0.688 0.584586
0.689 0.594595
0.69 0.537539
0.691 0.571572
0.692 0.564565
0.693 0.571572
0.694 0.527528
0.695 0.560563
0.696 0.625627
0.697 0.562563
0.698 0.554557
0.699 0.56857
0.7 0.546547
0.701 0.588589
0.702 0.522524
0.703 0.504505
0.704 0.561564
0.705 0.526527
0.706 0.493493
0.707 0.517518
0.708 0.571572
0.709 0.496496
0.71 0.58859
0.711 0.546547
0.712 0.533534
0.713 0.522523
0.714 0.54955
0.715 0.517518
0.716 0.506509
0.717 0.520521
0.718 0.533534
0.719 0.53954
0.72 0.505506
0.721 0.476476
0.722 0.491491
0.723 0.505506
0.724 0.532533
0.725 0.514516
0.726 0.527528
0.727 0.498498
0.728 0.512513
0.729 0.497499
0.73 0.491492
0.731 0.54955
0.732 0.492493
0.733 0.507508
0.734 0.495496
0.735 0.456457
0.736 0.504505
0.737 0.531533
0.738 0.470471
0.739 0.479479
0.74 0.525527
0.741 0.472472
0.742 0.44945
0.743 0.496496
0.744 0.462464
0.745 0.478478
0.746 0.485487
0.747 0.449449
0.748 0.486486
0.749 0.438438
0.75 0.463463
0.751 0.443443
0.752 0.489489
0.753 0.514517
0.754 0.491491
0.755 0.463464
0.756 0.507508
0.757 0.428428
0.758 0.434435
0.759 0.471471
0.76 0.47948
0.761 0.457457
0.762 0.43043
0.763 0.445445
0.764 0.448448
0.765 0.440442
0.766 0.406406
0.767 0.41041
0.768 0.434437
0.769 0.451451
0.77 0.441441
0.771 0.44044
0.772 0.436436
0.773 0.369369
0.774 0.477477
0.775 0.421421
0.776 0.435435
0.777 0.457459
0.778 0.435435
0.779 0.425425
0.78 0.413414
0.781 0.355355
0.782 0.427427
0.783 0.423424
0.784 0.415415
0.785 0.425425
0.786 0.44645
0.787 0.415415
0.788 0.388388
0.789 0.401401
0.79 0.400401
0.791 0.421422
0.792 0.399401
0.793 0.409409
0.794 0.402403
0.795 0.42042
0.796 0.385387
0.797 0.396396
0.798 0.414414
0.799 0.387387
0.8 0.411411
0.801 0.35035
0.802 0.394394
0.803 0.352352
0.804 0.372372
0.805 0.385386
0.806 0.428428
0.807 0.339339
0.808 0.394394
0.809 0.406406
0.81 0.385385
0.811 0.376376
0.812 0.387387
0.813 0.371371
0.814 0.346346
0.815 0.392393
0.816 0.422422
0.817 0.364364
0.818 0.391392
0.819 0.360361
0.82 0.402403
0.821 0.386389
0.822 0.378378
0.823 0.358359
0.824 0.388388
0.825 0.383383
0.826 0.398399
0.827 0.376376
0.828 0.359359
0.829 0.382382
0.83 0.37037
0.831 0.362363
0.832 0.366366
0.833 0.402403
0.834 0.378378
0.835 0.40841
0.836 0.424425
0.837 0.363363
0.838 0.379379
0.839 0.346347
0.84 0.388388
0.841 0.328331
0.842 0.353353
0.843 0.366366
0.844 0.338338
0.845 0.335336
0.846 0.370371
0.847 0.362362
0.848 0.345345
0.849 0.363363
0.85 0.369369
0.851 0.311311
0.852 0.345346
0.853 0.341341
0.854 0.364364
0.855 0.361362
0.856 0.326326
0.857 0.344344
0.858 0.386387
0.859 0.332332
0.86 0.355355
0.861 0.306306
0.862 0.318319
0.863 0.323323
0.864 0.339339
0.865 0.331333
0.866 0.332332
0.867 0.34034
0.868 0.302302
0.869 0.313313
0.87 0.33834
0.871 0.322323
0.872 0.313313
0.873 0.346346
0.874 0.329329
0.875 0.341341
0.876 0.334335
0.877 0.334334
0.878 0.307307
0.879 0.327327
0.88 0.299299
0.881 0.336336
0.882 0.35035
0.883 0.303303
0.884 0.323324
0.885 0.344345
0.886 0.334335
0.887 0.334335
0.888 0.331331
0.889 0.306306
0.89 0.281281
0.891 0.322322
0.892 0.315315
0.893 0.305306
0.894 0.327327
0.895 0.314314
0.896 0.31031
0.897 0.304304
0.898 0.293293
0.899 0.356356
0.9 0.318318
0.901 0.285285
0.902 0.332332
0.903 0.278278
0.904 0.282282
0.905 0.267267
0.906 0.317317
0.907 0.286287
0.908 0.307307
0.909 0.269269
0.91 0.292292
0.911 0.255256
0.912 0.285287
0.913 0.304304
0.914 0.297297
0.915 0.295295
0.916 0.303303
0.917 0.305305
0.918 0.293294
0.919 0.282282
0.92 0.276276
0.921 0.301302
0.922 0.311312
0.923 0.274274
0.924 0.286286
0.925 0.266266
0.926 0.274274
0.927 0.285285
0.928 0.286286
0.929 0.310311
0.93 0.245245
0.931 0.285287
0.932 0.300302
0.933 0.299299
0.934 0.297297
0.935 0.309309
0.936 0.293293
0.937 0.26026
0.938 0.283283
0.939 0.292292
0.94 0.292292
0.941 0.294294
0.942 0.282282
0.943 0.258258
0.944 0.25025
0.945 0.287287
0.946 0.274274
0.947 0.268268
0.948 0.248248
0.949 0.281281
0.95 0.272272
0.951 0.27027
0.952 0.284284
0.953 0.229229
0.954 0.295295
0.955 0.283284
0.956 0.265265
0.957 0.248248
0.958 0.279279
0.959 0.277277
0.96 0.267267
0.961 0.222223
0.962 0.239239
0.963 0.294294
0.964 0.239239
0.965 0.282282
0.966 0.276276
0.967 0.268268
0.968 0.219219
0.969 0.267267
0.97 0.291291
0.971 0.251251
0.972 0.275276
0.973 0.271272
0.974 0.253253
0.975 0.26026
0.976 0.277277
0.977 0.256257
0.978 0.228228
0.979 0.291291
0.98 0.241241
0.981 0.257257
0.982 0.244244
0.983 0.259259
0.984 0.241241
0.985 0.251251
0.986 0.252252
0.987 0.24024
0.988 0.263263
0.989 0.228228
0.99 0.246246
0.991 0.259259
0.992 0.221222
0.993 0.219219
0.994 0.237237
0.995 0.217217
0.996 0.225225
0.997 0.25025
0.998 0.21021
0.999 1000.77
1.0 0
